1	20154	03302015
2	20155	05042015
3	20156	06012015
4	20157	06292015
5	20158	08032015
6	20159	08312015
7	201510	09282015
8	201511	11022015
9	201512	11302015
10	20161	01042016
11	20162	02012016
12	20163	03072016
13	20164	04042016
14	20165	05092016
15	20166	06062016
16	20167	07042016
17	20168	08082016
18	20169	09052016
19	201610	10032016
20	201611	11072016
21	201612	12052016
22	20171	01022017
23	20172	02062017
24	20173	03062017
25	20174	04032017
26	20175	05082017
27	20176	06052017
28	20177	07032017
29	20178	08072017
30	20179	09042017
31	201710	10022017
32	201711	11062017
33	201712	12042017
34	20181	01012018
35	20182	02052018
36	20183	03052018
37	20184	04022018
38	20185	05072018
39	20186	06042018
40	20187	07022018
41	20188	08062018
42	20189	09032018
43	201810	10012018
44	201811	11052018
45	201812	12032018
46	20191	01012019
47	20192	02042019
48	20193	03042019
49	20194	04012019
50	20195	05062019
51	20196	06032019
52	20197	07012019
53	20198	08052019
54	20199	09022019
55	201910	09302019
56	201911	11042019
57	201912	12022019
58	20201	01012020
59	20202	02032020
60	20203	03022020
61	20204	03302020
62	20205	05042020
63	20206	06012020
64	20207	06292020
65	20208	08032020